#include "dpad_cholesky.h"

#ifdef GAIA

double rxx[125][125] =
{
{1.3742286764262721e+002,9.6537075918536814e+000,4.5009041970231758e+000,1.7401663094161286e+000,-1.1243051992202057e+001,6.2977620111959265e+000,3.7944499822932891e+000,-8.9481225954350840e+000,2.1152631308185459e+000,3.6807877863028393e-001,-4.8331149224421130e+000,2.2703336327951838e+001,-1.6855714333498561e+001,-4.1288262973592333e+000,7.5196544717075229e+000,4.7486709970704188e+000,-1.8199831393272259e+000,1.3799346610656471e-001,-3.3742940558278969e+000,-1.5912132863994504e+001,-1.2241252798489993e+001,-4.5054235399798932e+000,-2.5943087327299494e+000,-4.2800960834921851e+000,-5.9893304831878593e+000,8.3524599311594478e+000,9.1246436729393885e+000,-4.2336714687613952e+000,-7.5186241972410768e+000,-2.0260678904655919e+001,-2.8052329022984601e-001,-2.4890033498851203e+001,5.3740187171269458e+000,-1.1793305332591892e+001,2.7846476480636051e-001,-2.6456116877553799e+000,-5.7178875296054148e+000,-1.4708479567809064e+001,-5.5325592491372362e+000,9.9806298393053225e+000,1.4193084151257672e+001,1.1687854770315507e+001,-6.2937467825857638e+000,1.2383380441251122e+000,1.9613667952378560e+001,-2.2631238757257801e+000,1.2941504320696673e+000,-3.8322114754523966e+000,1.5352815416593248e+001,1.6307175919408675e+001,5.2843839150756189e-001,1.7447844664217730e+001,-6.6089525342665922e+000,1.7889728900000446e+001,-8.2467780595850826e-001,-9.0375836178901814e-001,-1.1678035838668743e+001,1.2036719765529487e+001,-2.1507412440567858e+001,-1.9520685456457407e+000,6.1264107025905066e+000,-2.2343247245460400e+000,-1.9499528957224900e+001,5.6527511393849732e+000,2.3272171399929551e+001,7.5421744243293043e+000,-3.9217899728335937e-001,-1.8488256850645019e+001,-2.2157538227638272e+000,-2.4149011201816917e+000,1.7829526333721461e+001,1.4328198811279115e+001,1.2058384751166981e+001,4.9726313127916457e+000,6.7183673806732722e+000,-7.6877297945284830e+000,-1.3915120964315317e+001,-1.2136125901146643e+001,-2.3979844291667440e-001,1.1516602909652885e+001,4.0721725733096683e+000,-7.1940267899108523e+000,9.4582537464368563e+000,2.4427311225572183e+001,7.6083509239771328e+000,7.7375326911081714e+000,-1.4230112039098429e+001,-1.5417652726852117e+001,-1.4486914618059101e+000,-1.5437226631992370e+001,-1.6964772414407889e+001,-1.2412354723166052e+000,8.2538370760156301e+000,6.7636681039427842e+000,-9.6530182152740576e+000,1.4012996262344172e+001,1.4805365577329830e+001,-3.8343075156061657e+000,-2.2852759249894021e+001,1.0609540993984037e+000,7.0652880625782748e+000,1.5605180568887045e+001,-7.7735219357809893e+000,1.7707816878217223e+001,3.6037005748855098e+000,1.0382165319758911e+001,-2.4167756028635790e-001,5.0482699739643611e+000,-1.3252551986579149e+001,2.4174705820111324e+000,-9.4139799065711429e+000,1.1593873293132907e+001,-6.3117711684000852e+000,-1.1823463850518349e+001,3.2935082551239301e+000,2.0950252478311899e+000,7.4338067228039195e+000,-3.2890755500251423e-001,2.1315124768929699e+001,3.4709846711713670e+000,-6.9399415121666177e+000,3.3904070239616919e+000,-3.7397182880030764e+000,-1.2173220905115988e+001,1.3509597935633492e+001},
{9.6537075918536814e+000,1.3467980325796609e+002,2.2700974211022491e+001,8.2736436008365164e+000,-2.3012508258801549e+000,-9.1542096192221987e+000,9.9865202095148149e+000,-1.8915789279268203e+001,2.3743178876734838e+001,1.2438551159653876e+001,6.1930414541099399e+000,1.5649540112109552e+001,1.1786232721436882e+001,-2.4050212177913188e+001,-2.7429331016784566e+000,-1.0376123850291670e+000,-1.0759541099512548e+001,-8.7706518783554799e-001,-7.1747647338950244e+000,7.2648292383959037e+000,-2.0856727536179398e+000,1.3190285145056272e+001,1.3287681388369386e+000,-1.4726299881732890e+001,2.5833737646260833e+000,4.0680986205298657e+000,-1.2024974810540861e+001,-3.7670267851325590e-001,4.1069180036930852e+000,-6.6127160739536146e+000,2.0346044516296292e+001,-2.4984516607828144e-001,-7.0851035820621977e-001,1.4577333902276612e+001,8.1486308915362002e+000,4.4728251011406703e+000,-8.2459656318372012e+000,1.1944243948874993e+001,-2.6876839139973207e+001,1.7129201219992325e+001,4.0933597218405291e+000,-1.8679678113845566e+000,8.9059682592836271e+000,-6.8914020284843458e+000,2.4952202989958927e-001,9.1172953001023487e+000,-1.0350307034622865e+001,7.4569732616326911e+000,5.1679157297904084e+000,7.5915699237352374e+000,-5.6598564611367523e+000,5.7831604544290967e+000,-2.7604982964864258e+000,2.8490574420956261e-001,1.4685761087534246e+000,1.0591913858062689e+001,-6.2603028634405957e+000,1.0364790109203854e+001,-1.2708828588676194e+001,-1.0913664144741553e+001,-1.2638077045781682e+001,-7.5997255892387301e+000,-1.2179940707881006e+001,-5.4906331336988181e+000,-4.2384091073672767e+000,8.3352521237460895e+000,8.4091918758352513e+000,-1.1369572907046177e+001,2.4011375889493515e+001,-4.1428302461611448e+000,8.1157786830773873e+000,-1.1500766033410791e+001,1.9877875141805834e-001,-4.7765151936890584e+000,2.0542898556564687e+001,-1.3719385646701804e+001,-1.4382749488165654e+001,-5.0116740469412218e+000,1.1685659125216487e+001,1.9945208036776316e+000,-1.1458628309456653e+001,-2.0695181987982600e+001,-1.9354495539210340e+001,-1.0803814530778215e+001,-1.0973624163929512e+000,2.6782985375487156e+000,-1.1842092496799324e+001,1.5103640502989766e+000,-2.3802519582883450e+000,1.7302970583085141e+001,6.2763004990473883e+000,-5.0974880781397953e+000,-8.8157726729839627e+000,-1.4991075723151919e+001,-5.6448116378231852e+000,-7.3452115134776683e+000,-1.0945045582313769e+001,4.8795375192636250e+000,-8.2271689812241178e+000,-4.0903513151078945e+000,1.1587126152619678e+001,3.7940582283841957e+000,-6.2261714529110179e+000,7.9940852721976903e+000,-2.4507845170473121e+000,-1.2571496023694390e+001,6.5697638894371000e+000,2.0113283483067330e+000,-2.1644726451767742e+000,6.1236496469695609e+000,-1.9081947343396748e+000,8.0441363955623473e+000,1.9118533589795046e+001,-6.7559267705404915e+000,-1.6576973959170229e+000,4.7533197681000674e+000,-1.1643461382075554e+001,1.9181346492817166e+000,2.6071163534365818e+000,1.0321306154455641e+001,1.0483817445213930e+000,1.6090936000701497e+001,-1.4575606477560399e+000,5.4303241723676123e+000,9.8189320375134947e-001},
{4.5009041970231758e+000,2.2700974211022491e+001,1.2296489236067231e+002,1.4908947040427147e+001,-5.4717855442691006e+000,4.6586046371052170e-001,-1.0331180727968409e+001,-1.8696301921460918e+000,1.1999310920096988e+001,1.9774104754159054e+000,-2.5709451029093628e+000,3.1676286380918715e+000,-1.1949799315314376e+001,7.0167173871867696e+000,-7.8294285491298830e+000,5.4715131574539768e+000,-4.6110004566737388e+001,-8.7781900986872028e+000,1.4674881428944445e+001,-1.6537701617941433e+001,-5.8058231093890482e+000,1.6530118200190749e+001,6.9100202953102918e-001,-4.2526812766772348e-001,-1.5230394218344756e+000,1.9899716971594785e+001,-7.3302982179402267e+000,2.9403481807280130e+001,1.5732480263262779e+001,1.2901894405896301e+000,1.3078777617609727e+001,-4.1776328487979111e+000,4.9593102143024037e-001,1.2080440913413439e+000,-6.4569819080506958e+000,-1.3638443828669728e+000,1.4401556339733039e+001,-3.2586975205963071e+000,1.1874360820611315e+001,7.9710051538275799e+000,-9.3753908997791413e+000,9.6681037727446828e-001,8.9710004650102029e+000,-1.4161690027733783e+001,3.0579393908445978e+000,1.5665165882625864e+001,1.2145138421053918e+001,2.7995322477482297e+001,-1.0158314020098498e+000,1.5863679589456334e+001,-1.4561693057983897e+001,-3.4223774644117688e-001,1.0729534684794359e+001,-2.1035799623436084e+001,-6.7927507403031484e+000,-4.2994176813761431e+000,1.2725135919357093e+001,-1.3633738221174577e+001,-5.4655546460621176e+000,1.3967359758696047e+001,-1.0063355537919165e+001,1.0478716183771349e+001,1.4633860708290442e+001,-1.1054109252147281e+001,-1.8007745994756137e+000,-6.0569962192338123e-001,-5.1173505721097525e+000,-1.0942590015654352e+001,6.8726363363898741e+000,2.5858394639727361e+001,-2.7936282028984545e+000,-1.5552832369095686e+000,2.6612968017094847e+000,9.2137282740821380e-001,4.7308292584169909e-002,1.3203395035679605e+001,-1.4447888555065981e+001,-9.3718791693294534e+000,-1.7946937067186646e+001,-8.9671277378087098e+000,8.5170570041056735e+000,-9.7543350549083030e-003,-2.7224226134327871e+001,-7.0348781186198650e-001,-7.3936434136451252e+000,-3.1488764685448030e+000,-1.1438744673259293e+001,-1.8128953064757454e+000,-3.1392516487937367e+000,-8.8207875737845765e-001,-2.4847947272566966e+000,4.7393235802500122e-001,1.8723565195380554e+000,1.6293126995181900e+001,1.1146540518884491e+001,-8.5955212197804132e-001,-2.2784173352934785e+000,3.9249363350670596e+000,-9.1767035056833137e+000,-6.0592201455542707e+000,4.7674846793840970e+000,-1.1531749692863535e+001,3.2991786632048483e+000,2.0846604918184141e+001,-1.2135669614442904e+001,-4.6337784969528037e+000,-7.4394797437998095e-001,1.6325278316902376e+000,-2.2330756974633883e+000,-1.9553017480366186e+001,1.2055527350587010e+001,1.3411157830225449e+000,-7.3963207822456365e+000,-4.1356009907344333e+000,6.0286580242139785e+000,5.2081115522474164e+000,9.8495543394123430e-001,4.3904559160622707e+000,4.3261948452116439e-001,8.2805661602551286e+000,8.8575070752818874e+000,-1.1515162430398371e+001,-1.1147539884493067e+000,-1.8031627573409739e+000,1.4276855637883553e+001},
{1.7401663094161286e+000,8.2736436008365164e+000,1.4908947040427147e+001,1.1279839524238915e+002,5.8813036992660930e+000,-5.1557371472333156e+000,-8.3330826523074748e+000,-6.1869720064092446e+000,-2.8561361330624031e+000,9.2416935540272114e+000,5.0587748089566666e+000,-5.3996364528334890e+000,1.3499044986924265e+001,-1.3696202701448797e+001,2.8981852163203534e+000,6.5857244299071498e+000,-4.3513888969424350e+000,5.9345443872226644e-001,1.1668020188048915e+000,7.6209434806637733e+000,2.6354932012680532e+000,4.1663286962043626e+000,1.6350580454938161e+001,-1.0301959470291797e+001,-5.9959539550177041e+000,-1.2362386041517017e+000,-5.6617423520734462e+000,-6.1713210203668485e+000,-1.4739616477904590e+001,-1.1812960694544969e+001,-1.1328957174123371e+001,-1.0158503480058206e+001,1.3480159588840516e+001,2.0426086310397151e+000,2.0003432435208151e+000,-2.7704767961480883e+000,1.4214120269339734e+000,-6.4720997494921102e+000,8.6444702153330315e+000,1.5470695972660478e+000,7.4256714437817779e+000,-2.3332878804294559e+001,9.6222301267947188e+000,-4.7968414106846922e+000,1.2937772443942327e+001,3.3977273603768516e+000,-2.2282520980000267e+001,2.1386209922881815e+001,1.2507868374774584e+000,6.1074049643724724e+000,1.8643200067364482e+001,1.4365313655519746e+001,6.4257412459011567e+000,-1.7947187397462010e+001,5.5729711413104752e+000,1.2973562253113835e+001,2.6006682559485625e+000,-8.8836509005975621e+000,-1.8616156809151001e+001,1.7822553944566444e+000,-2.5838596813541335e+000,2.9925356637934080e+001,-2.1088342676635534e+001,-4.8277518538717468e+000,8.7441283735560038e-001,-5.1415719392136516e-002,1.8811053653869671e+001,-8.3840703223251793e+000,3.5445474933464460e-001,-2.2124881350380159e+000,-6.2631059806103142e+000,5.3493334996099433e+000,-9.7981628906552221e-001,-8.1405062211372581e-001,-2.9920491849646908e+001,1.2938075648979687e+001,-1.3211128059164437e+001,-6.0791211047555063e+000,-2.1524763881897098e+000,-2.0228742970525062e+001,3.4085314603095558e+000,-4.4956786874831511e+000,2.1579573292007687e+001,1.2266061535803997e+001,-7.7416397260401180e+000,4.5487613441664383e+000,1.9595171871475128e+000,-7.4626911163969076e+000,5.1774517180618496e-001,4.0790006057215216e+000,4.5185179622697671e+000,-9.7211028060045948e+000,-1.7418096665459885e+001,-3.5966241072251570e-001,-1.9836632847217759e+000,1.1545557569535012e+001,-1.4449658737969143e+001,-2.6843175010700779e+000,-5.5463981653775871e+000,5.9747575339582095e+000,-4.3172911963256437e+000,1.6933763846135662e+001,3.0833617947792402e+000,-1.7565910238320114e+001,5.4582950590888579e-001,-7.7800947533538345e+000,7.7524294689826032e+000,-3.1471953868406777e+000,-6.2831705430367499e+000,1.2165925619460154e+001,1.7342073216021550e+001,-1.3299032935784183e-001,-4.4781682837144841e+000,-2.3639978784446946e+001,-4.2171329224629721e+000,9.5756106432944339e+000,-1.7330639781535655e+001,-1.2483843802099504e-001,9.1265717728147617e+000,6.8546455264469559e+000,-1.4160186011549149e+001,1.0043341563195753e+001,-8.0432802861335038e+000,-2.0420754368686545e+001,-5.6498318479971052e+000},
{-1.1243051992202057e+001,-2.3012508258801549e+000,-5.4717855442691006e+000,5.8813036992660930e+000,1.4763931967512414e+002,-1.5746144663256084e+001,5.3288547963187778e+000,-8.2343647274239373e-001,3.4975487017888942e+000,-2.2318970163200497e+001,1.7113749253334820e+000,7.5580374576399265e+000,-4.6322952376660478e+000,-4.0102559586843132e+000,-1.5413342547920884e+001,-4.6885469929786288e+000,4.9559163011237723e+000,4.6043967459234727e+000,-2.7149276561887450e+000,1.2089317555442031e+001,1.4784584167062572e+001,4.3248489076758476e+000,8.3100921373178416e+000,-2.6995180538765421e+001,1.8336597524124674e+000,-1.6863306674900212e+001,-1.0560630559334491e+001,-6.0264176989499578e+000,7.4161013535748443e+000,-2.1270517447730111e+000,9.5415063777018627e+000,-6.7075517314472695e+000,-2.6904197550328375e+000,-3.0834529131920625e+001,3.2175688825360194e+000,4.3012318989001939e+000,-1.6679746313968877e+000,1.1274704277626988e+001,2.6331794633307242e+000,1.0003172892633462e+001,1.2350481132395014e+001,-3.4044384827177989e+000,-2.0990266594180893e+000,2.0614491231815464e+000,-1.6787659874660982e+001,1.6824894800272070e+001,-1.1442383165588733e+001,-2.5013203779866096e+001,-1.3093678410946888e+001,-8.9498634666157173e+000,1.5504131046206453e+001,9.7173613185392789e+000,6.3217444125127606e+000,-1.4417015036539073e+001,5.6851789300882647e+000,-1.5712954604227301e+001,1.2725813639714579e+001,-1.1507849558060927e+001,9.3377430207202252e+000,-1.7151706891113687e+001,-1.1069097552459622e+001,4.1355725546717439e+000,-1.0389930238403970e+001,-2.6115891229057038e+000,-1.1353357487534915e+001,1.7284896939291674e+001,8.7884731949163442e+000,1.3689134791449895e+000,3.1366596084541465e+000,-3.0280604565191137e+001,-3.8808224438335639e+000,2.2408064218990880e+001,-2.3231197688360979e+001,-1.7220685184668612e+000,1.5948236649419585e+000,-6.9222830837607798e+000,-1.0347011567802522e+001,4.7272458840856064e+000,2.7251696975813156e+000,2.9903375575219222e+000,-7.6962413131945988e+000,6.2994089565854816e+000,4.0815198295260888e+000,1.5221857717341113e+001,-7.5710224117585199e+000,-1.0604102910437284e+001,1.3722100695521863e+001,-1.1719569788558211e+000,1.3221299355006110e+001,1.6915076389364753e+001,6.2220639606188799e+000,-1.0193462544055212e+001,1.2485321207857224e+001,1.7531755368676256e+000,-7.5830823381428516e+000,8.3509311111532369e-002,1.2646899856610492e+001,-5.3518944609935426e+000,-3.9117114420943828e+000,-7.5354072181514020e-002,-2.1925017519727653e+001,1.0893327728939115e+001,1.2778323862091372e+000,1.2016568683795141e+001,-1.3816049682609741e+001,-9.3858287481891818e+000,2.3801892356959268e+001,-1.1920052963681571e+000,2.1716162092115647e+000,-1.8199405246401913e+001,2.0324630257787440e+001,-3.6554370708038846e+000,4.1454422524177836e+000,-2.7938120770314914e+000,1.6111388417362839e+001,-1.3170985262334510e+001,1.1891982036725334e+001,6.6824443910855376e+000,-7.6936860662441955e+000,-5.2210509585760487e+000,2.8223282268319650e+001,1.0711090155302061e+001,-1.1203341517308324e+001,-8.5783298091395590e+000,1.6634200187184298e+001},
{6.2977620111959265e+000,-9.1542096192221987e+000,4.6586046371052170e-001,-5.1557371472333156e+000,-1.5746144663256084e+001,1.2627677180328493e+002,3.4504831384196475e+000,-4.3554625807384886e+000,-8.2990919028778460e+000,-5.7558381650372645e+000,-1.1786742107403708e+001,1.1260765525992896e+001,-8.6456438030174176e-001,2.1190417379496523e+001,3.0109395289656553e+000,-4.8096212546523454e+000,-1.0314894493968929e+001,-3.1535402156145587e+000,-7.4220066457810763e-001,2.2839536719405888e+000,-1.2805422109587976e+001,1.7292096934413635e+001,-5.4826259344688832e+000,-1.8204744069225871e+001,1.3697995663262146e+001,2.6750421124328740e+000,1.2835830892159450e-002,-1.2013080608739575e+001,3.2491332014171208e+000,5.1382877805796490e+000,-7.1768702178446029e+000,-1.5881086151451846e+001,9.7349045285074460e+000,7.7775676722164278e+000,1.9167534672094916e+001,-7.4236695145699638e+000,1.4163086654979224e+001,-7.3758862565379157e+000,-1.2158226142893758e+001,-2.6991636215241233e+000,-6.8400389973174338e+000,3.0925258144649752e+000,6.0687790052772792e+000,-9.2016991153425813e+000,-1.1870331839501777e+001,2.3214384192918587e+000,8.2001654541011639e+000,-3.4104511087287612e+001,-9.0468476091701611e-001,6.4795206346321113e+000,9.6233025889206445e+000,5.2785929182761233e+000,1.4385791198429970e+001,6.4692530967153399e+000,7.9262756641109231e+000,-7.4479992220693418e+000,5.3008218568631404e+000,-5.5245702884086985e+000,-1.3610855179454935e+001,5.3326254564363165e+000,4.0518474157403519e+000,-1.9172698826614054e+000,4.6986802612646255e+000,-3.0001305188262073e+000,-7.6327296351093823e+000,1.5744503086864057e+001,1.1034041724600369e+001,-2.7247985450278116e+000,8.9306114510759667e+000,-2.5982081272216995e-001,-1.7976307593495576e+001,-4.3806448224253458e+000,-4.3445958844356030e+000,-8.4419545956105395e+000,-1.1931194949320050e+000,1.5325465947434786e+001,-3.1663579080447262e+000,-5.4283269692294018e+000,-4.2344468636357853e+000,-2.2745106916655573e+001,-9.7469179690045102e+000,-8.2980062910902319e+000,1.4490785737215463e+001,8.6351711443323289e+000,-1.9359897106708306e+001,-7.8549482109225046e+000,7.3172022054073640e+000,-1.1243378718074387e+001,-4.1823264944651566e+000,7.5978608377468575e+000,1.0619298937780941e+001,2.3501106846825710e+000,-1.6143015430553845e+001,-6.6600767993054433e+000,-3.1259086043953070e+000,3.4116378677045383e+000,-8.5179675138900706e+000,-1.0908580383781178e+001,9.5500998329092361e+000,-6.9693575958518883e+000,-5.7922616396931854e+000,1.5582986065984978e+000,7.4860073064778909e+000,-4.6825813531921225e+000,-4.3487066897083215e+000,-1.1522148495133999e+000,3.3414588438626236e-001,-1.9262377106865785e+001,1.1178876615891443e+001,-5.9006370437748057e+000,9.1507842687589900e+000,1.1340498301743349e+001,-4.1126682432727950e+000,-2.8597342916947355e-001,1.0604366584285927e+001,-1.1763214014361619e+001,-7.4541805322350605e+000,6.1369343206163425e+000,8.7349561814372727e+000,3.4003463541998062e+000,-8.4154900427963977e+000,1.7014789736961045e+001,8.1470452837215390e+000,-1.5597262535352194e+000,1.7082604113268687e+001},
{3.7944499822932891e+000,9.9865202095148149e+000,-1.0331180727968409e+001,-8.3330826523074748e+000,5.3288547963187778e+000,3.4504831384196475e+000,1.1491514326159177e+002,-1.3222020875768845e+001,-1.2883621520627042e+001,9.6347491870310034e+000,-2.4462172348241134e+000,-6.5318427723140982e+000,1.6096894872350646e+001,-1.5343186655930324e+001,-1.1002837861354424e+001,1.2368082536626572e+001,2.0029201283310350e+001,1.4484627285413305e+001,7.2177157552482925e+000,6.8695821115013747e+000,1.0045638862336041e+001,3.1414003417255936e+000,8.7237164788059030e+000,4.5029256963672726e+000,7.2698731818359441e+000,-1.3256704127239379e+001,2.3751468946402902e+001,-5.0303098270182254e+000,-5.1561897766195601e+000,5.4283979704448608e+000,2.3536708913405192e+001,-1.7006644206771853e+001,9.5578457063134636e-001,-1.1429266170429290e+001,-9.0440273615053757e-001,2.0905463791631970e+001,9.5577452473048030e+000,1.2802005199912537e+001,-1.2288352780172328e+001,7.0149648377034008e+000,-7.6994461933300542e+000,-5.9556879116015926e-001,-1.4411615674049376e+001,-2.6019872283783450e+000,-4.8231091742784384e+000,7.4595655468110138e+000,-4.2898424460815416e+000,1.8603755569933114e+000,1.8536345193175137e+001,-1.1389626733838686e+001,2.1913107652764083e+001,2.7119600387651950e+000,-2.8231109825400127e+000,-1.1579258879761465e+001,3.5708150917865131e+000,5.2548604441985738e+000,2.0248380407228623e+001,-7.6392695503604742e+000,-2.6479730351064945e+000,-2.0844820233287333e+001,4.1183548903714784e-001,-3.9259942978750866e+000,-8.9337216551027989e+000,1.3170134372094164e+001,8.6799664735288822e+000,7.1827306867324765e+000,-5.0299602062227429e+000,-1.0339788335255242e+000,2.3338535455055627e+001,5.6294818095765056e+000,4.4229389837046380e+000,-9.2188056414831205e+000,-1.8432796835311414e+001,-5.9775352761433957e+000,1.0619706221226670e+001,-5.4533408588884189e+000,1.4271350624001860e+001,1.1397804942929225e+001,-2.9107041289131290e+000,1.7991481611470084e-001,1.6349682321622566e+001,-9.1456119759062258e+000,-4.9991385656733156e+000,8.3447720116887911e+000,8.3965396897841291e+000,1.4521503458582585e+000,-5.8845141870987927e-001,-1.8464450448414393e+001,2.7204477641717801e+000,1.1435245416734539e+001,4.1582990926492549e+000,1.2810876302223377e+001,-1.0196737133299489e+001,3.3197403113367421e+000,6.2624865362809992e+000,-2.7095620014488713e+000,-5.9734148678824814e+000,1.4168242585180515e+000,-1.5094006304038430e+001,1.8013179006364091e+001,5.5081252563857674e-001,-1.1809680860229044e-002,-1.8617230616222713e+001,-9.1491647162172320e+000,-4.8011355042549893e+000,1.8144849049317822e+000,1.7521067288999902e+001,2.1578612858803865e+000,-1.5194112588232663e+001,2.5867652375612870e+001,-7.7273719748526144e+000,4.2123281538252062e+000,-1.6601615996869818e+001,5.8650177884062611e+000,1.8134221303453619e+000,-6.2420394786608160e+000,-1.1204486711662396e+001,1.2524157545068553e+001,-4.9015668197057796e+000,-1.2190119520412924e+001,5.4820219613978693e+000,6.0371320206427193e+000,9.4265125197267352e+000,-5.6224662493773323e+000,6.5422907997956017e+000},
{-8.9481225954350840e+000,-1.8915789279268203e+001,-1.8696301921460918e+000,-6.1869720064092446e+000,-8.2343647274239373e-001,-4.3554625807384886e+000,-1.3222020875768845e+001,1.3527473881704205e+002,-2.0086464476663153e+001,-7.2635415841592081e+000,-1.1600268078455613e+001,6.9911204845041857e+000,-9.9246355075599890e+000,-1.2021594555418984e+001,2.1638929006895111e+000,4.1699971155485454e+000,-1.9449186162186090e+000,-1.5194196717019781e+000,-1.2677956117683009e+000,-9.2851076257753569e+000,1.3171430662481718e+001,-8.1490828721332242e+000,-9.1989876604737049e+000,1.2573613804175473e+001,-9.0499439878630046e+000,-7.6433251049257169e+000,-5.7655197776533988e+000,3.3865265065581376e+000,-4.1009649240386050e+000,-8.2773063588470279e+000,-1.7326050448997336e+001,2.7956932639708354e+000,-8.7556602441293414e+000,-5.2916080543024719e+000,6.6053742247647316e+000,-1.4388526450847381e+001,-4.3610611655552276e+000,-6.2506108692372857e+000,9.9714251715015472e+000,-5.2145390879501639e+000,-2.2719854173112093e+001,1.2473224830157342e+001,1.8669054043994521e+001,3.3812542789320461e+000,7.2784355941883421e+000,2.6837891394102051e+000,2.5793291485593777e+001,9.6041189378358887e+000,-7.0109620847593730e+000,-9.1117502009674531e+000,-1.1273533555250724e+001,1.0162248209904341e+001,-9.6027853413807023e+000,7.0647447787618924e+000,3.7898911493843652e+000,-1.3046837915148281e+001,1.2398774015809167e+001,-2.8742012882987900e+000,9.4214249349826886e+000,2.6532722477378057e+000,-1.5179651396495967e+001,-9.1540499754921054e+000,-4.3092550784657719e+000,1.8112388328917439e+000,-4.2273205260632256e+000,-6.4789669578306572e+000,-1.4491251664875408e+001,1.5549637684979933e+001,-2.7149900701392998e+001,-6.3434227024707663e+000,-1.3509395991829702e+001,-6.2579994100973337e+000,-1.8776893078734709e+001,-1.2169461704412614e+001,-1.5441389358879317e+001,1.2073096736285370e+001,-6.4256507561865206e-001,-1.3697145472729090e+001,1.8653445980057533e+001,2.5678429805288205e-001,-6.1692177918004223e+000,2.0929921325967302e+000,1.8739037171153583e+000,-5.9257569730543667e+000,-1.0576831257103677e+001,-5.5684747645395145e+000,4.1236451365000137e+000,4.2213643667780811e+000,-8.4594587731756832e+000,1.0107698540699448e+000,-1.1493703633426536e+001,1.2975303538100023e+001,-1.0599563307464321e+001,5.5019322104398167e+000,4.5372766468786327e+000,-2.6905493868576436e-001,6.2630047574807675e+000,-3.2193702574316321e+000,7.9925822241104019e+000,-1.3175115478144424e+000,2.5264286390131288e+000,-3.0911262415368168e+000,5.7973290047929602e+000,-6.9492433367777795e-001,5.6274073122136303e-001,1.1861544369392631e+001,-1.6223322321151759e+000,-6.7485731810302685e-001,-1.2945706858055779e+001,1.1070498159216031e+000,-3.7662411642851312e+000,-1.1084321640251343e+001,1.4966611514592918e+000,8.5758856220832822e+000,-5.9278191042176367e+000,4.6461638777766847e+000,1.3467651121826533e+001,-3.7815976207471884e+000,1.6488443749958165e+001,4.6646567677652087e+000,1.8981945704080523e+001,-1.8512251647155701e+001,1.4276042239383688e+001,-2.2304211483947478e+000,-1.8661740971556835e+001},
{2.1152631308185459e+000,2.3743178876734838e+001,1.1999310920096988e+001,-2.8561361330624031e+000,3.4975487017888942e+000,-8.2990919028778460e+000,-1.2883621520627042e+001,-2.0086464476663153e+001,1.0192655236147577e+002,1.2932486929581806e+001,1.5320711166484005e+001,5.2163854498625630e+000,9.8905344140391058e+000,-1.8509787893409158e+001,1.9229247321138623e+000,-8.4940676177433982e-001,-8.3393911603792592e+000,-4.9476854296842916e+000,-9.8183663504075458e-001,-1.4397571267005647e+001,8.5609260027014731e+000,9.0790443931189273e+000,1.3363894711893245e+001,-1.5946854178488667e+000,-7.0421229574130413e+000,-4.1636726925374905e+000,-7.4645650814471241e+000,-9.0219571798636711e+000,7.6995914557857077e+000,8.1841601301007945e+000,1.4478051072046885e+000,1.7881171248523458e+001,-1.5203701852557089e+001,-1.0104695403904893e+000,-1.5141156007969823e+001,8.6326910690912584e-001,9.5025020341558779e+000,-1.7498065517027861e+000,-9.1242122871031661e-001,-4.7524729116425402e+000,2.3769944194266950e+000,2.5535137904469003e+001,-6.3766215627087925e+000,1.4281565990613125e+000,3.1940328065718813e+000,-7.7549957440792019e+000,-1.6447021388843037e+000,7.9549886368402438e+000,-2.0979494813026179e+001,1.3618672350085028e+001,7.9006395964712715e+000,-5.3153556828084474e+000,-9.0854077047699544e-001,-4.3400737540519394e+000,9.5372829934991952e+000,5.1075388149651291e+000,-1.1581211904845228e+000,2.3062934537460285e+000,5.9849422787405260e-001,-1.3663895908713807e+001,-3.5996913642997690e+000,-2.0205637600754360e+000,-2.4448022012764081e+000,-9.4594476662826512e+000,-5.6943874776656482e+000,5.3353095416143574e+000,-1.1698629082340014e+001,-9.4005849028145470e+000,1.4909012263455189e+001,-2.0766037940355297e+000,-2.3794755615728675e+000,1.2344402781939518e+001,1.2984416770696269e+001,1.9820932446623711e+000,3.5909693462608256e+000,3.5900950106390130e+000,-1.2230770644409661e+001,-3.8299932760884786e+001,-1.5784639962461227e+001,3.6237874059839479e+000,-8.1547405235911796e+000,2.3551293197156866e+000,-5.6853724779501569e+000,-1.7038238814382076e+001,8.0256401816223715e+000,5.7343958335118472e-001,1.4415036578799887e+000,8.4294302121262579e+000,-2.9677447823468173e+000,2.0732705383077148e+000,-3.1986656418435393e+000,2.7027817212663763e+000,-6.1550567332605528e+000,9.5803107825296934e+000,-1.5594355746451306e+001,2.4511107505452108e+000,6.2922522705771318e+000,4.2862203570508672e-001,-1.8513738648547545e+001,-1.1542574107498309e+000,1.8216659972923142e+000,-6.5185770878633598e+000,-1.0022631068604962e+001,5.7548449481219244e+000,-1.5711610308637736e+001,-2.0239846626599537e+001,-6.8555607770755884e+000,-1.3158074127105618e+001,-8.2321310956524805e+000,2.8738032745386510e+000,1.0284402478034178e+001,1.9614421618756793e+001,9.0366277390029790e+000,-5.1293523215450971e+000,7.5781827525381917e+000,-1.7933817897902906e+000,1.2909136184579014e+001,1.6441113494609972e+001,-1.0421172526758017e+001,-3.4645951285649317e+000,9.7421593676110465e+000,-4.0991997176822292e-001,4.2149041280452115e-001,2.9690778416063273e+000,1.6127287054661256e+001},
{3.6807877863028393e-001,1.2438551159653876e+001,1.9774104754159054e+000,9.2416935540272114e+000,-2.2318970163200497e+001,-5.7558381650372645e+000,9.6347491870310034e+000,-7.2635415841592081e+000,1.2932486929581806e+001,1.2124783696498835e+002,-4.5221557896909781e-001,-1.1412194489700795e+001,9.2536319758167949e+000,-1.8129086390401230e+001,-1.1147192219849611e-001,-1.2956697121549166e+001,-3.3245228829245139e+000,1.3674104900673495e+001,-8.8890634639241739e-002,-6.2164291854551212e+000,8.0368332390319264e-001,2.0734416213526778e+001,1.4708143948186841e+001,-1.5454937672871383e+000,-1.6394371188618875e+000,4.9054377408637464e+000,6.6584079971913681e+000,2.5445378689120459e+000,-2.0618990959649679e+001,1.5581223720964928e+001,3.2465891268111831e+000,2.0113290727944225e+001,1.0976076705693597e+001,3.3363733595840541e+000,-9.4685929741461905e+000,8.4709950659570232e+000,-4.4413480674321590e+000,2.2489907073193514e+001,-1.5086984754599946e+001,1.0790347019205660e+001,-1.2263180877175152e+001,-7.0929758650050303e+000,-3.8188768164757203e+000,-3.6035668109452690e-001,2.1217551441344717e+001,8.9864393212880920e+000,3.0656894380523267e+000,-1.4357294060239816e+001,-3.9505355503132886e+000,-4.3365597438913994e-001,1.8839666524010948e+001,7.9721261214513399e+000,3.6248996358961416e+000,-4.1917374163474745e+000,1.4472385520480060e+001,-4.1223463552974611e+000,-1.0766225516111998e+001,9.6878333500702727e+000,-2.7227560764808743e+001,1.2031495266026315e+001,9.3226088008696184e+000,-1.5619962779208006e+001,-5.6137786502234102e+000,-7.9120111782929357e+000,-8.0905952250636837e+000,-4.2087063392497299e+000,-1.1760085277985256e+001,-1.2646667134887615e+001,-3.6128430129526143e+000,-1.3081560814714397e+000,-6.8556118856570141e+000,-1.0262931145128178e+000,1.6717363080800531e+001,6.1185982396505167e+000,5.8300505809431442e+000,-4.9496351622941610e+000,7.7880635847435711e+000,-6.8126635381753053e-001,-2.1040994029514749e+001,-6.2354602466080813e+000,-1.2905999167124904e+001,2.3639091366457063e+000,-6.4212034336020105e+000,4.6370492417930800e+000,-1.2632835545478027e+000,7.7515487259235449e+000,1.0327156580451941e+001,3.8204386004758888e+001,3.0020424797101493e+000,1.9690049883238554e+001,1.1171906119689201e+001,3.3037879193769037e+000,1.4075821633626527e+001,-4.0216226314655952e+000,-9.7680775784802538e+000,1.0134640895686074e+001,5.3763890247057633e-002,-4.8786579186872370e+000,-1.2712637587085698e+001,7.7974021185194680e+000,-9.1385302600255311e+000,-2.3207496899594151e+000,1.1647632463893743e+001,5.4394629374247527e-001,-5.4578523864622408e-001,6.2352756388382371e+000,-2.1102087419836494e+001,1.0205885884780800e+001,-9.3357374441703271e+000,2.4143101918947663e+000,1.3973095331320764e+001,9.8797434464902523e+000,-1.3972314721228340e+001,6.2211754993572139e+000,-2.7324068480591270e+000,4.9715450479296805e+000,-2.5344160243447229e+000,4.5694120623616792e+000,-9.8361910670898922e-001,-8.0771342582523395e+000,-1.4535324198206290e+001,1.7942476800638545e+001,2.7390132812159567e+000,-3.4902102559283221e-001,1.1743513369842068e+001},
{-4.8331149224421130e+000,6.1930414541099399e+000,-2.5709451029093628e+000,5.0587748089566666e+000,1.7113749253334820e+000,-1.1786742107403708e+001,-2.4462172348241134e+000,-1.1600268078455613e+001,1.5320711166484005e+001,-4.5221557896909781e-001,1.4417702637807886e+002,-1.0347239006887669e+001,9.3076682186848059e-001,-8.0289787906865779e+000,-5.5491533664049069e+000,-2.3421654847948208e+001,-9.8844069930898151e+000,2.7641529747744560e+000,-1.0289423418547301e+001,1.6516603968919089e+001,-1.2435769461863666e+001,-1.1099950767066673e+000,1.5263718683952895e+001,-2.7637822947467665e+001,-1.5508223796309467e+001,1.7153200361665554e+001,-2.8933049914819415e+000,-1.7214338370462968e+001,3.8301266121326506e+001,9.4706664389133230e+000,6.9668258924433992e+000,-1.0828226561948791e+001,-1.1434108106834362e+001,-2.7924189659362577e+000,-1.0160841679961450e+001,-9.4800952878393687e+000,-7.7197261592672151e-001,1.1130248795783166e+000,-1.2024675086088187e+001,5.2137764037130019e+000,-1.1896524723770748e+001,6.9338303679121127e+000,1.6325516169821331e+001,8.3349849646871341e+000,2.8203685617890972e+000,2.8633285943664246e+000,-1.9317644369483499e+001,-3.9954961028108329e+000,-5.5150846128236015e+000,-1.1938664142220947e+000,-6.0301815999237363e+000,-3.3448345184116235e+001,7.2140948236253122e+000,-7.2624435124379962e+000,1.3674539834947371e+001,-1.7218729580031109e+001,-5.7838050798819651e-003,8.8746196957146850e-001,1.1785634424921076e+001,-6.3358700028378099e+000,-1.6509014655165337e+000,1.6580296591452885e+001,-1.1908329333276896e+001,1.9149795572416565e+001,-1.5406790694254568e+001,-1.2769155809308792e+001,-1.6162447820094979e+001,1.4390949728184911e+001,1.2026468933651774e+001,1.3145963177574140e+001,-9.4349175289537168e+000,-2.3691888180249414e+000,-1.4953634684233315e+000,-3.3994881199696181e-001,-1.1390501658500650e+001,1.0319451993846004e+001,1.4941061014320873e+001,-5.2073301036738844e+000,-2.6124617181661289e+001,1.6015868403969122e+001,3.8683253902846104e-002,-1.1790381872665552e+001,-1.1966789122845507e+001,-1.3113988019065577e+001,1.4661747077408245e+001,1.7480732694545885e+001,-1.2762831059939550e+001,-1.9422910292880687e+001,1.5222574330539349e+001,5.0007984100007672e+000,-1.8199354082094406e+001,4.0574474592540382e+000,9.7937200389842474e+000,-2.7767169625255579e+000,-9.8260892091145724e-001,-8.8990418986499442e+000,1.3652040595163419e+001,5.3566373029452201e+000,-1.4578335438211232e+001,1.5132324803243822e+001,-3.4818963656419344e+000,1.0566736306651816e+001,3.1175231482350640e+000,-9.4582174551172571e+000,-3.3491754530025326e+000,-1.1151650703145489e+001,-1.0440300504904744e+001,1.3761784170756595e+000,-8.4567306836818812e+000,1.1166298053241643e+001,-7.1491515104739563e+000,1.2321505189870381e+000,1.5026804557979641e+001,3.8807832225611349e-003,1.4830123578980281e-001,1.7067450307131624e+000,-7.6316331980983265e-001,2.7346869577459103e+001,6.5323061703466543e+000,3.6771773305650730e+000,-1.2730150728420593e+001,-2.5047769657817938e+001,1.0285580286001437e+001,2.5679410678448484e+001,1.1168650691488169e+001},
{2.2703336327951838e+001,1.5649540112109552e+001,3.1676286380918715e+000,-5.3996364528334890e+000,7.5580374576399265e+000,1.1260765525992896e+001,-6.5318427723140982e+000,6.9911204845041857e+000,5.2163854498625630e+000,-1.1412194489700795e+001,-1.0347239006887669e+001,1.0519911760138092e+002,6.6184927113916125e-001,-2.3703245787338894e+001,7.4794980019530586e+000,3.2462026630629026e-002,-6.8147151723334236e+000,-9.7767625945264847e+000,-4.6825500562893456e+000,1.8952293503433653e+000,1.2731777884631899e+001,1.9950298774341881e+001,9.8440952573525102e+000,1.7603336257586686e+000,5.9625066881394826e+000,-2.5020771182365911e+000,-1.1730940216774831e+001,-7.5347908925588181e+000,-5.0280091194474501e+000,2.0455111104492385e-001,2.6148103167675241e-001,1.3923717958974233e+001,1.4420726747498266e+001,-1.0262649247194917e+001,-1.2187450582701217e+001,-3.0235792405797728e+000,2.0282967892386452e+001,6.7239075127658499e-001,9.5358961758383032e+000,1.3630395540176103e+001,1.2012323497248682e+001,1.5271410308637888e+001,1.4009065143469659e+001,2.2297670340316280e+000,-4.5073896625791301e+000,6.6135622824837288e+000,4.6964553346992783e+000,-4.8736225991589563e+000,-1.7376987840658269e+000,7.8605578315720717e+000,4.6783297957173930e-001,8.3146437151353538e+000,-1.2769911119582712e+001,5.7558858755946680e+000,-5.6361892299161216e+000,3.0487407013882661e+000,5.4717246262469601e+000,-5.5105305956094215e+000,-1.5430242755268800e+001,4.6428211600509384e-001,-5.3190871691385597e+000,-1.6777971540652203e+001,4.1981717124426510e+000,7.9586241113325862e-001,4.4714297831393690e+000,-1.9543740106903122e+001,8.6109788502766964e+000,-8.6918365543600107e+000,-7.3935300662976253e+000,6.6624589142006263e+000,9.1219564291354089e+000,-3.1809638990610152e+000,-1.0734735611483313e+001,5.7379829858618994e+000,-9.5732085728092020e+000,1.6618410124350611e+001,-2.4463898734658605e+000,1.1999277796176502e+000,4.8602836598774513e-001,1.6554168045654407e+001,-7.2329300839555444e+000,2.8731878330969716e+000,1.1398112279671901e+001,-4.0967616081983680e+000,3.4984325436094501e+000,1.4205729809444101e+001,-6.7107820704628374e+000,-1.2544681459871310e+000,-6.8933100437958732e+000,-4.8216659617614974e+000,-1.7325178743926045e+001,8.8544790105014748e+000,-1.1438718684292859e+001,-1.3082901107271839e+001,-2.4957880653384972e+001,-1.0494451244041834e+000,6.2590457391963925e+000,-8.8335288567143966e-001,-1.2632819817043643e+001,-1.5793887141053826e+001,1.4808510300942332e+001,2.0028726773810998e+001,8.6944580890209124e+000,3.7572549494428120e+000,-2.6850390203729162e+001,1.6363481565128275e+000,-9.4067152656647224e-002,-8.4383292908394480e+000,-1.2375928008670742e+001,7.6593917758455863e+000,-7.2103688305496423e+000,-5.3694986564104434e+000,-4.6301313156188550e-001,-1.1955203337057982e+000,-5.5763751880681758e+000,8.2983170129897843e+000,-9.6142716978442717e+000,-5.3878083780145607e+000,1.6581926903848512e+001,6.5727252186158109e+000,-5.4758425932743569e+000,-9.1564795930318965e-002,1.4188859393524673e+001,-1.5021888062777659e+001,2.9954212549216503e+000},
{-1.6855714333498561e+001,1.1786232721436882e+001,-1.1949799315314376e+001,1.3499044986924265e+001,-4.6322952376660478e+000,-8.6456438030174176e-001,1.6096894872350646e+001,-9.9246355075599890e+000,9.8905344140391058e+000,9.2536319758167949e+000,9.3076682186848059e-001,6.6184927113916125e-001,1.3926157948592791e+002,2.6958717338068503e+000,-2.3119748259265275e+001,2.1791906679024837e+001,2.8079503265760248e+000,3.8104693580263858e+000,3.8207442032587609e+000,8.3904033591832068e+000,-1.7634348980153778e+000,1.0111314601799833e+001,2.5133547810945419e+001,4.3922659756529923e+000,-6.2940047963486760e+000,6.7095446763960425e+000,1.0636622282161824e+001,1.5162486142907515e+001,-9.5614225478145407e+000,3.9208123759242381e+000,-1.8821627344585622e+001,-5.9479904015973499e+000,-4.2339325284375828e+000,-7.7671018451600000e+000,2.0002287586613477e+001,7.9554980637755239e+000,-5.6697824061404951e+000,1.3702691169902018e+001,-4.0160363042002656e+000,6.5531039560878668e-001,-6.8187526309920798e+000,1.5816302138403922e+000,-5.0502465438399735e+000,3.9995277542641108e+000,-6.0085897717629635e+000,4.4494776186361689e+000,-4.7480467796838308e+000,-2.9678432769808536e+000,1.1816758716263264e+001,-7.0673297617501696e+000,4.0614820831139156e+001,5.8115851949650255e+000,5.7246953564465262e+000,-1.5169252222710108e+001,1.5436461851588533e+001,-1.8665842094871753e+001,1.1937241346370980e+001,-1.9847549874831060e+001,-3.0544906904824916e+000,1.8210459259239592e+001,-7.0483877909702821e+000,4.7576828137125631e+000,-6.7570647803123407e+000,1.8986717165699250e+001,-1.2135023692977379e+001,4.1894939392780497e+000,1.7527874146135591e+001,9.9239414440880473e+000,-8.7072105220251252e+000,-1.1912074019768535e+000,7.2144162258111733e+000,7.1525867078979690e+000,-1.4610988590145672e+001,-1.8993504896736539e+001,-5.7469029597526067e+000,-8.9720751388891262e-001,7.9052986380153989e+000,-6.5050396717619954e+000,1.6212818982862596e+000,7.7258915626544375e+000,-7.2294435360978131e+000,-1.1212470779920658e+001,2.4709061787761168e+000,1.2159124423032548e+001,-5.3156351534056210e+000,1.2750449249622870e+001,-6.9397309468926984e+000,2.3228971986787492e+000,-2.1570539517301381e+000,3.0570676929794636e+000,-1.5802660259575738e+001,-1.0286473510935386e+001,-1.1284799037703912e+001,-1.7491629375739109e+001,-1.3027023233963764e-001,-1.3889590672112611e+001,-1.1215163694992899e+001,1.0879337268685325e+000,3.7737741087356547e-001,2.2470459952372114e+001,1.9439245017947300e+001,1.9094162024255716e+001,-1.4599639436167088e+001,-1.4534720904988237e+001,-7.0054010183057711e+000,9.0927034844301291e-001,2.0027197574752762e+001,-3.8485352973438278e+000,-1.4088922867037205e+001,-1.2241905358129740e+001,1.1915628693844251e+001,1.8492008023754675e+001,-2.3239104205170671e+000,1.3556791160535422e+001,1.3530049124513873e+001,-6.9496858416259277e+000,-1.2271602862755639e+001,-3.2615699047239390e+000,-4.1928409177833661e+000,3.4036223518475608e+000,-2.6103433550019844e+001,1.0936129548707317e+001,-1.7959894153071787e+001,4.4933788670724670e+000,7.7168397724771509e-001},
